Title: HST survey of the Orion Nebula Cluster in the H_2_O 1.4um absorption 
       band: I. A census of substellar and planetary mass objects  
Authors: Robberto M., Gennaro M., Gabellini M.G.U., Hillenbrand L.A., 
    Pacifici C., Ubeda L., Andersen M., Bartman T., Bellini A., Da Rio N., 
    de Mink S., Lodato G., Manara C.F., Platais I., Pueyo L., Soderblom D.R., 
    Strampelli G.M., Tan J., Testi L.
Table: Estimated parameters of the ONC sample
================================================================================
Byte-by-byte Description of file: apjab911et4_mrt.txt
--------------------------------------------------------------------------------
   Bytes Format Units   Label    Explanations
--------------------------------------------------------------------------------
   1-  4 I4     ---     index    Sequential running number 
   6- 10 F5.2   [-]     log(BF)  Base-10 Logarithm of the Bayes Factor
  12- 15 F4.2   solMass Mstar    Mass, solar units
  17- 20 I4     K       Teff     Effective Temperature
  22- 27 F6.2   mag     Av       Extinction estimated using distance from IR isochrone
--------------------------------------------------------------------------------
   1  2.00 0.91 3757  -3.62
   3  2.00 0.81 3678   3.30
   4  2.00 0.28 3266   0.12
   5  2.00 0.14 3084   1.72
   7  2.00 0.13 3069   0.87
   8  2.00 0.11 3031   2.13
  10  0.84 0.01 2063  -1.69
  14  0.50 0.01 2203   8.82
  25  2.00 1.05 3843   0.85
  26  2.00 1.33 4127   2.87
  40  2.00 0.10 2861   0.92
  41 -0.13 0.24 3235   9.99
  45  2.00 0.34 3313  -9.13
  46  2.00 0.94 3770  -2.15
  47  2.00 0.97 3793   1.87
  49 -0.23 0.00 1634  -3.48
  51  2.00 0.78 3657  -3.00
  52  2.00 1.03 3826   8.45
  53  2.00 0.11 2978  -1.75
  54  2.00 0.31 3289   2.17
  55  2.00 0.41 3363   3.64
  56  2.00 0.14 3101  -1.40
  57  2.00 0.15 3127  -0.43
  59 -0.21 0.09 2868   7.71
  60  2.00 0.02 2470   0.34
  61  0.95 0.02 2470   1.65
  73  0.19 0.00 1854  -2.25
  88  2.00 0.45 3388   5.31
  89  2.00 0.13 3072   0.10
  90  2.00 0.10 2858  -0.88
 112  2.00 0.33 3304   3.21
 124  2.00 0.91 3759   5.03
 125  2.00 0.41 3361   4.52
 126  2.00 0.10 2903  -1.32
 129  2.00 0.01 2380  -0.80
 144  2.00 0.90 3754   2.94
 145  2.00 0.44 3381   1.79
 146  2.00 0.67 3568   2.42
 147  2.00 0.26 3250   1.87
 148  2.00 0.50 3424   3.72
 149  2.00 0.16 3136   1.18
 150  2.00 0.17 3155   3.00
 151  2.00 0.11 3030   1.02
 152  2.00 0.10 2862   0.79
 153  0.65 0.16 3133   5.94
 154  2.00 0.04 2749   2.09
 157  2.00 0.02 2430   1.22
 176  2.00 0.79 3663   2.28
 177  2.00 0.38 3342   3.28
 178  2.00 0.15 3110   1.06
 179  2.00 0.08 2869  -2.47
 180  0.60 0.10 2883   6.14
 181 -0.44 0.12 3055   9.90
 189  0.18 0.01 1906  -0.03
 199  2.00 0.43 3378   1.59
 200  2.00 0.16 3145  -0.04
 201  2.00 0.19 3183   1.74
 202  0.84 0.09 2867   3.80
 214  2.00 0.43 3376   5.44
 215  2.00 0.04 2740  -2.19
 221  0.19 0.00 1798  -3.02
 232  2.00 1.03 3830  -9.75
 234  2.00 0.94 3772   4.13
 235  2.00 0.69 3588   2.84
 236  2.00 0.58 3489   3.10
 237  2.00 0.69 3583   5.33
 238  2.00 0.75 3631   5.97
 239  2.00 0.20 3188   0.24
 240  2.00 0.21 3200   0.82
 241  2.00 0.72 3611   6.32
 242  2.00 0.32 3293   3.67
 243  2.00 0.19 3183   1.72
 244  2.00 0.24 3232   2.72
 245  0.92 0.62 3523   7.80
 246  2.00 0.27 3255   4.10
 247  2.00 0.12 3040   0.24
 248  2.00 0.14 3103   3.11
 249  2.00 0.07 2854  -1.41
 250  2.00 0.10 2883   2.64
 251  2.00 0.06 2826   2.17
 252  2.00 0.04 2754   0.65
 253  2.00 0.05 2763   1.79
 254  0.06 0.12 3054   8.02
 255  1.00 0.04 2729   1.19
 256  0.06 0.09 2867   7.08
 257  0.72 0.05 2761   2.98
 261  0.86 0.01 2330   2.20
 263  0.89 0.01 2152  -0.45
 264  0.65 0.01 2102  -0.11
 267  0.59 0.00 1874  -3.71
 276  2.00 0.38 3341   1.97
 277  2.00 0.09 2863  -0.24
 278  2.00 0.11 2988   3.97
 279  2.00 0.04 2713   0.98
 290  2.00 0.82 3687   0.97
 291  2.00 0.76 3640   3.07
 292  2.00 0.52 3441   2.98
 293  2.00 0.40 3356   2.65
 294  2.00 0.25 3242   1.82
 295  2.00 0.28 3265   3.19
 296  2.00 0.21 3199   2.11
 297  2.00 0.50 3430   5.34
 298  0.79 0.57 3488   8.07
 299  2.00 0.05 2759  -0.57
 302  2.00 0.01 2378  -0.05
 308  0.75 0.00 1571  -6.45
 314  2.00 0.77 3644  -0.07
 315  2.00 0.48 3412   0.36
 316  2.00 0.55 3470   1.20
 317  2.00 0.45 3386   0.43
 318  2.00 0.49 3417   1.42
 319  2.00 0.55 3471   2.19
 320  2.00 0.39 3349   0.55
 321  2.00 0.57 3481   3.30
 322  2.00 0.23 3222  -0.61
 323  2.00 0.65 3553   4.35
 324  2.00 0.12 3051  -1.10
 325  2.00 0.17 3147   0.88
 326  2.00 0.09 2865  -3.80
 327  2.00 0.15 3116   0.89
 328  2.00 0.11 3029   0.07
 329  2.00 0.15 3124   2.84
 330  2.00 0.13 3063   1.70
 331  2.00 0.07 2853  -2.70
 332  2.00 0.05 2762   2.03
 333 -0.08 0.12 3053   8.62
 335  2.00 0.02 2402   1.16
 336  0.79 0.01 2197   1.15
 337  0.51 0.01 2179   2.29
 344  2.00 0.76 3640   3.92
 345  2.00 0.47 3402   2.46
 346  2.00 0.59 3497   3.90
 347  2.00 0.22 3214   0.31
 348  2.00 0.34 3312   2.81
 349  2.00 0.11 3024  -2.01
 350  2.00 0.15 3108   0.33
 351  0.92 0.46 3396   6.89
 352  2.00 0.13 3069   1.45
 353  0.94 0.20 3190   3.68
 354  0.79 0.27 3261   5.74
 355  2.00 0.10 2857   0.25
 356  0.83 0.17 3159   4.71
 357  1.00 0.13 3083   3.31
 358  2.00 0.09 2865   0.41
 359  2.00 0.06 2837  -2.31
 360  2.00 0.10 2907   1.96
 361  0.61 0.18 3170   6.33
 362  2.00 0.11 2940   2.77
 363  2.00 0.07 2852   1.21
 364  2.00 0.05 2765   0.38
 365  2.00 0.05 2759   1.95
 366  0.74 0.06 2808   3.54
 367  0.74 0.05 2766   3.48
 368  2.00 0.04 2675   0.39
 369  0.63 0.05 2758   3.38
 370  0.98 0.04 2681   1.66
 373  0.50 0.04 2756   4.21
 374  0.37 0.04 2720   5.60
 378  0.90 0.01 2347   1.93
 381  0.43 0.01 2308   3.88
 384  0.91 0.00 1852  -5.66
 391  0.03 0.00 1679  -2.96
 406  2.00 0.75 3631   1.39
 407  2.00 0.50 3431   2.07
 408  2.00 0.27 3259   1.57
 409  2.00 0.39 3347   3.03
 411  2.00 0.31 3289   2.84
 412  2.00 0.47 3401   1.77
 413  2.00 0.24 3228   3.51
 414  2.00 0.10 2858   2.10
 415 -0.20 1.13 3885  15.91
 416  2.00 0.05 2773   0.63
 418  0.99 0.01 2339   1.34
 422  0.09 0.01 2333   6.14
 424  0.18 0.00 1899  -1.42
 425  0.14 0.00 1772  -3.27
 431  2.00 0.60 3507   0.95
 432  2.00 0.18 3164  -1.63
 433  2.00 0.22 3211   1.75
 434  2.00 0.11 3002  -2.01
 435  2.00 0.15 3115   2.38
 436  2.00 0.11 2957  -2.40
 437  2.00 0.11 2968  -1.19
 438  2.00 0.13 3078   0.77
 439  2.00 0.07 2855  -0.88
 445  2.00 0.01 2276   0.81
 448  0.90 0.01 2130  -0.68
 458  2.00 1.10 3870  -1.09
 459  2.00 0.90 3753  -2.01
 461  2.00 0.42 3371   1.32
 462  2.00 0.31 3292   0.87
 463  2.00 0.16 3138  -0.05
 464  2.00 0.16 3135   1.67
 465  2.00 0.10 2928  -0.58
 466  0.97 0.18 3174   3.91
 467  2.00 0.11 2951   0.13
 468  2.00 0.08 2868   0.18
 469  0.17 0.38 3344   9.82
 470  2.00 0.04 2757  -0.55
 471  0.96 0.04 2751   2.01
 472  0.30 0.07 2846   5.16
 473  0.85 0.02 2519   3.58
 474  0.87 0.01 2265   1.74
 476  0.84 0.01 2141  -0.38
 478  0.06 0.01 2378   5.88
 479  0.54 0.01 2197   2.00
 489  2.00 0.54 3457   0.59
 490  2.00 0.39 3347   1.14
 491  2.00 0.23 3226  -0.84
 492  2.00 0.22 3213   0.57
 493  2.00 0.35 3318   2.46
 494  2.00 0.16 3129   0.28
 495  2.00 0.18 3170   0.93
 496  2.00 0.14 3100   2.60
 534  2.00 0.78 3652   2.33
 535  2.00 0.23 3218  -1.97
 536  2.00 0.50 3423   2.18
 537  2.00 0.22 3210  -2.09
 538  2.00 0.27 3256  -0.51
 539  2.00 0.51 3433   2.93
 540  2.00 0.97 3788   7.81
 541  2.00 0.14 3090  -0.72
 542  2.00 0.16 3145   1.17
 543  2.00 0.12 3042   1.37
 544  0.52 0.21 3208   7.10
 545  2.00 0.10 2860   0.38
 546 -0.36 0.16 3136  10.29
 547  0.74 0.03 2600   2.77
 549  2.00 0.02 2410   0.80
 552 -0.18 0.04 2692   7.42
 553  0.83 0.01 2165  -0.13
 570  2.00 0.94 3772  -5.49
 571  2.00 0.94 3771   2.68
 572  2.00 0.40 3354   1.83
 573  2.00 0.11 3032  -4.03
 574  2.00 0.35 3318   0.63
 575  0.82 0.16 3132   4.64
 588  2.00 0.34 3308  -0.18
 589  2.00 0.10 2860  -3.51
 590  2.00 0.24 3232   2.57
 591  2.00 0.11 2968  -1.53
 592  0.88 0.31 3291   5.24
 593  0.64 0.16 3145   6.19
 594  2.00 0.09 2867   1.72
 595  0.90 0.08 2868   3.34
 597  0.67 0.04 2748   3.39
 633  2.00 0.12 3039   1.24
 634  2.00 0.06 2828   2.38
 640  0.38 0.00 1804  -3.65
 644  2.00 0.81 3674   2.58
 645  2.00 0.40 3354   1.31
 646 -0.32 0.12 3057   9.88
 656  2.00 0.52 3446  -5.43
 657  2.00 0.39 3350   0.00
 658  2.00 0.47 3407   4.04
 659  2.00 0.43 3375   4.82
 664 -0.34 0.06 2824   7.35
 672 -0.15 0.01 2073   3.68
 675  2.00 0.14 3085  29.96
 683  2.00 0.41 3364   2.34
 703  2.00 0.07 2841   1.55
 708  2.00 0.24 3232  -0.53
 713  2.00 0.51 3435   2.11
 714  2.00 0.43 3373   0.58
 715  2.00 0.05 2790  -1.19
 716  0.49 0.07 2841   5.35
 720  0.81 0.01 2051  -0.46
 721  0.33 0.01 2202   3.26
 724 -0.10 0.01 2097   2.62
 734  2.00 0.43 3378   1.32
 735  2.00 0.68 3572   6.31
 736  2.00 0.18 3173   2.03
 737 -0.32 0.29 3277  11.09
 742  2.00 0.52 3445   2.86
 744  0.97 0.02 2478   0.37
 753  2.00 0.29 3272  -0.94
 754  2.00 0.30 3277   3.28
 755  0.59 0.00 1759  -5.55
 758  2.00 0.39 3347 -10.75
 759  2.00 0.57 3481  -4.15
 760  2.00 0.20 3191  -4.30
 761  2.00 0.55 3464   1.74
 762  2.00 0.40 3355   3.62
 763  2.00 0.38 3342   3.34
 764  0.87 0.04 2751  -6.81
 765  2.00 0.16 3143   0.65
 766  2.00 0.13 3077  -0.52
 767  2.00 0.16 3138   1.94
 768  2.00 0.10 2881   3.27
 769  0.33 0.33 3304   8.33
 776  0.13 0.02 2487   8.45
 802  2.00 0.42 3368   1.10
 803  2.00 0.20 3189  -1.21
 804  2.00 0.41 3360   3.84
 805  2.00 0.13 3062   1.87
 806  2.00 0.13 3082   2.47
 807  0.46 0.10 2858   6.21
 825  2.00 0.15 3115   1.40
 826  2.00 0.13 3077   0.98
 827  2.00 0.12 3056   0.94
 828  2.00 0.05 2784  -2.75
 829  2.00 0.10 2860   2.22
 830  2.00 0.05 2759   1.46
 832  2.00 0.03 2649   0.98
 833  0.88 0.03 2591   1.59
 834  0.86 0.02 2428   2.73
 837  0.51 0.01 2224   2.76
 840  2.00 0.00  671 -36.55
 845  0.56 0.04 2724  21.33
 855  2.00 0.70 3596  -0.10
 856  2.00 0.56 3477   1.53
 857  2.00 0.76 3641   2.43
 858  2.00 0.75 3633   2.59
 859  2.00 0.24 3230  -1.16
 861  2.00 0.19 3181   0.82
 862  2.00 0.07 2843  -5.33
 864  2.00 0.49 3416   5.90
 865  2.00 0.10 2890   1.06
 866  0.42 0.04 2746   4.51
 867  0.42 0.03 2596   4.24
 875  2.00 1.07 3854   0.95
 876  2.00 1.12 3880   5.64
 877  2.00 0.41 3366   2.64
 878  2.00 0.23 3226   0.78
 879  2.00 0.15 3108   0.16
 880  2.00 0.10 2896   2.61
 881  0.42 0.14 3099   6.80
 883  0.00 0.03 2646   7.28
 891  2.00 0.93 3767  -2.15
 892  2.00 0.76 3638   1.24
 893  2.00 0.91 3758   2.70
 894  2.00 0.53 3451   3.16
 895  2.00 0.55 3467   1.65
 896  2.00 0.26 3247  -0.11
 897  2.00 0.32 3294   2.54
 898  2.00 0.11 3002  -1.10
 899  0.43 0.23 3225   7.28
 900  0.62 0.15 3122   6.35
 901  0.78 0.12 3051   5.11
 902  0.30 0.17 3154   7.73
 904  0.69 0.05 2757   3.27
 936  2.00 0.81 3678   1.57
 937  2.00 0.14 3097  -0.31
 938  2.00 0.20 3187   1.17
 939  2.00 0.50 3423   6.41
 940  0.70 0.41 3363   7.05
 941 -0.08 0.46 3396  11.58
 942  2.00 0.04 2749   0.11
 943  0.58 0.10 2935   6.07
 948  2.00 0.63 3531   1.43
 949  2.00 0.07 2855  -4.36
 950  2.00 0.10 2856   1.52
 951 -0.14 0.61 3515  12.52
 952  2.00 0.08 2847   1.38
 953 -0.24 0.29 3274  10.78
 955  2.00 0.02 2462   0.62
 971  2.00 0.55 3467   1.49
 973  0.65 0.00 1841  -4.84
 977 -0.28 0.00 1890   0.47
 981  2.00 0.33 3306   1.34
 982  2.00 0.19 3185  -0.50
 983  2.00 0.20 3191   3.20
 984  2.00 0.07 2849   1.21
1019  2.00 0.64 3540  -4.92
1020  0.81 0.27 3254   5.58
1021  2.00 0.05 2782   0.69
1022  2.00 0.05 2760  -0.19
1023  2.00 0.01 2366  -5.16
1041  2.00 0.23 3220 -13.26
1042  2.00 0.09 2865   0.51
1043  2.00 0.04 2755   0.14
1044 -0.15 0.11 3008   8.86
1046  0.88 0.02 2537   1.73
1072  0.86 0.04 2748   2.18
1077  2.00 0.33 3305   1.41
1078  0.94 0.19 3185   3.64
1079  2.00 0.11 2964   3.21
1085  2.00 0.01 2181  -1.74
1103  2.00 1.00 3809   1.16
1104  2.00 0.52 3445   1.41
1105  0.70 0.14 3097   5.73
1124  0.45 0.27 3255   7.08
1125  2.00 0.11 2945   3.04
1126 -0.39 0.15 3126  10.03
1127 -0.47 0.13 3079  10.19
1158  2.00 0.63 3538   0.88
1159  2.00 0.48 3412   1.27
1160  2.00 0.22 3215  -1.31
1161  2.00 0.38 3341   1.36
1162  2.00 0.07 2858  -0.15
1166  0.59 0.02 2429   3.62
1185  2.00 0.69 3586  -2.00
1186  2.00 0.92 3762   1.86
1187  2.00 0.54 3456   0.65
1188  2.00 0.29 3270   1.62
1189  2.00 0.27 3254   0.63
1190  2.00 0.20 3195   0.01
1191  2.00 0.18 3167   1.00
1192  0.90 0.14 3106   4.04
1193  0.81 0.13 3063   5.07
1194  2.00 0.07 2855   0.44
1195 -0.28 0.17 3160   9.90
1196 -0.12 0.15 3110   9.11
1198  0.08 0.07 2841   6.21
1208  0.57 0.01 2167   1.53
1215 -0.29 0.01 1961   2.61
1231  2.00 0.04 2747   1.47
1233  2.00 0.02 2414   0.78
1234 -0.32 0.05 2761   7.91
1244  2.00 0.53 3452  -7.74
1245  2.00 0.79 3661  -5.23
1247  2.00 0.62 3521  -1.60
1249  2.00 0.92 3760   2.18
1250  2.00 1.03 3829   3.11
1251  2.00 1.09 3866   3.49
1252  2.00 0.38 3343  -0.13
1253  2.00 0.75 3630   2.76
1254  2.00 0.63 3537   2.65
1255  2.00 0.48 3409   1.29
1256  2.00 0.53 3456   2.32
1257  2.00 0.25 3239  -0.03
1258  2.00 0.56 3479   3.82
1259  2.00 0.14 3106  -0.95
1260  2.00 0.16 3144  -0.12
1261  2.00 0.33 3304   3.10
1262  2.00 0.27 3260   2.29
1263  2.00 0.38 3343   4.25
1264  2.00 0.14 3107   0.30
1265  2.00 0.12 3050  -0.71
1266  2.00 0.27 3260   3.65
1267  2.00 0.23 3227   2.95
1268  2.00 0.39 3346   5.61
1269  2.00 0.14 3091   1.21
1270  2.00 0.36 3325   5.01
1271  2.00 0.10 2904  -0.91
1272  2.00 0.07 2839  -2.50
1273  2.00 0.13 3065   1.51
1274  2.00 0.05 2762  -3.18
1275  2.00 0.06 2836  -1.27
1276 -0.11 0.62 3523  12.42
1277  2.00 0.05 2779  -0.88
1278  2.00 0.07 2855   0.79
1279  0.26 0.23 3222   8.56
1280  2.00 0.04 2752  -1.56
1281  0.92 0.09 2867   3.64
1282  2.00 0.05 2763   0.41
1283  0.56 0.11 2963   6.07
1284  0.00 0.22 3212   9.56
1285  0.13 0.14 3105   8.25
1286  2.00 0.04 2696  -0.16
1288  0.03 0.06 2827   6.31
1289  2.00 0.02 2475   0.12
1290  0.69 0.04 2703   3.80
1296  2.00 0.01 2290  -0.13
1297  2.00 0.01 2286   0.40
1298  2.00 0.01 2137  -3.07
1301  0.01 0.01 2360   6.19
1302 -0.14 0.01 2355   6.93
1303  0.37 0.00 1898  -2.37
1306 -0.24 0.01 2244  10.03
1310  2.00 0.50 3423 -13.14
1311  2.00 0.71 3597   1.49
1312  2.00 0.47 3405   0.16
1313  2.00 0.46 3393   1.70
1314  2.00 0.17 3152  -1.62
1315  2.00 0.20 3187   0.99
1316  2.00 0.10 2863   1.08
1317  0.90 0.03 2546   1.83
1325  2.00 0.17 3155 -20.43
1327  2.00 0.93 3765   0.96
1328  2.00 0.92 3763   2.29
1330  2.00 0.47 3405   0.62
1331  2.00 0.14 3084  -0.96
1332  2.00 0.11 3014  -0.54
1333  0.96 0.21 3207   3.84
1334  2.00 0.07 2850  -2.44
1335  2.00 0.04 2749  -0.38
1336  2.00 0.05 2760   1.28
1337  2.00 0.01 2202  -1.43
1338  0.56 0.01 2288   3.05
1339 -0.10 0.01 2328   6.81
1342  2.00 0.68 3577  -5.95
1343  2.00 0.25 3241   0.19
1344  0.51 0.01 2191   2.44
1346  2.00 0.55 3466  -9.31
1347  2.00 1.00 3809  -3.65
1349  2.00 0.92 3760   2.08
1350  2.00 0.62 3529   1.25
1351  2.00 0.25 3242  -1.30
1352  2.00 0.63 3535   4.31
1353  2.00 0.17 3154  -0.92
1354  2.00 0.24 3230   0.79
1355  2.00 0.17 3151   0.34
1356  2.00 0.70 3594   6.84
1357  2.00 0.16 3145   0.03
1358  2.00 0.30 3278   3.24
1359  2.00 0.10 2860  -2.75
1360  0.87 0.93 3765   9.44
1361  2.00 0.18 3170   2.75
1362  2.00 0.16 3141   2.48
1363  2.00 0.09 2867  -0.89
1364  0.85 0.17 3153   4.49
1365  2.00 0.11 3031   2.18
1366  2.00 0.12 3043   2.06
1367 -0.47 0.61 3513  13.70
1369 -0.40 0.27 3259  10.95
1370  0.39 0.12 3059   6.94
1371  0.99 0.07 2841   2.16
1372 -0.21 0.17 3159   9.75
1375  0.68 0.04 2732   3.11
1376  0.62 0.04 2747   3.45
1379  2.00 0.01 2340  -1.38
1381  2.00 0.02 2409   1.32
1382  0.77 0.02 2480   3.54
1385  2.00 0.01 2328   0.66
1386 -0.47 0.04 2738   8.51
1387 -0.41 0.03 2620   8.55
1390  0.71 0.01 2018  -1.08
1393  0.01 0.01 2189   5.02
1399  2.00 0.73 3618   1.04
1400  2.00 1.20 3971   5.07
1401  2.00 0.77 3649   3.22
1402  2.00 0.53 3448   1.89
1403  2.00 0.46 3393   1.77
1404  2.00 0.19 3186  -1.01
1405  2.00 0.23 3218  -0.34
1406  2.00 0.47 3403   3.06
1407  2.00 0.29 3273   0.57
1408  2.00 0.15 3118  -1.54
1409  2.00 0.12 3051  -2.83
1410  2.00 0.41 3366   3.48
1411  2.00 0.41 3361   3.75
1412  2.00 0.14 3107  -0.72
1413  2.00 0.30 3283   3.40
1414  2.00 0.27 3260   3.56
1415  2.00 0.24 3229   2.54
1416  2.00 0.13 3066  -0.07
1417  2.00 0.13 3082   0.32
1418  2.00 0.16 3143   1.79
1419  2.00 0.11 3032  -0.34
1420  2.00 0.11 3023  -0.07
1421  2.00 0.17 3148   2.76
1422  0.52 0.66 3559   9.69
1423  2.00 0.16 3131   2.53
1424  0.91 0.22 3217   4.25
1425  2.00 0.12 3039   0.57
1426  2.00 0.14 3094   2.02
1427  2.00 0.07 2842  -3.90
1428  0.64 0.56 3473   8.96
1429  2.00 0.10 2860  -0.17
1430  0.45 0.73 3616  10.84
1431  2.00 0.07 2849  -2.35
1432  2.00 0.11 2977   2.53
1433  2.00 0.07 2854  -0.17
1434 -0.41 0.17 3149  10.11
1435  0.95 0.03 2635   0.70
1437  1.00 0.02 2512   0.53
1438  0.40 0.04 2712   5.20
1440  0.90 0.02 2407   2.22
1441  0.74 0.02 2472   4.30
1444  0.76 0.00 1881  -7.72
1449 -0.27 0.00 1773  -0.84
1452  2.00 0.93 3768  -3.46
1453  2.00 1.11 3874  -1.62
1454  2.00 1.08 3857  -1.01
1461  2.00 1.02 3825   0.50
1465  2.00 0.67 3566   0.37
1466  2.00 0.22 3212  -2.34
1467  2.00 0.54 3460   1.92
1468  2.00 0.32 3294   0.21
1469  2.00 0.56 3479   2.91
1470  2.00 0.39 3347   1.38
1471  2.00 0.26 3246  -0.31
1472  2.00 0.30 3280   0.61
1473  2.00 0.36 3327   1.57
1474  2.00 0.48 3413   3.04
1475  2.00 0.72 3609   4.64
1476  2.00 0.29 3276   1.11
1477  2.00 0.18 3167  -0.15
1478  2.00 0.17 3159   0.55
1479  2.00 0.32 3299   3.22
1480  2.00 0.11 2987  -2.60
1481  2.00 0.10 2894  -1.76
1482  2.00 0.10 2903  -0.62
1483  2.00 0.21 3205   2.88
1484  2.00 0.14 3106   1.63
1485  2.00 0.10 2886  -1.08
1486  2.00 0.15 3113   3.28
1487  0.55 0.47 3406   8.75
1488  0.40 0.73 3614  11.12
1489  0.14 0.13 3082   4.91
1490  0.83 0.34 3310   6.84
1491  0.90 0.14 3106   4.07
1492  2.00 0.07 2843  -0.91
1493  2.00 0.04 2754  -4.27
1494  2.00 0.08 2868   0.98
1495  0.32 0.36 3323   8.69
1496  2.00 0.07 2850  -1.04
1497  0.98 0.12 3038   4.10
1498  0.45 0.18 3172   7.21
1499  2.00 0.07 2850   0.99
1500  2.00 0.04 2752  -2.16
1501 -0.22 0.74 3623  13.29
1503  0.73 0.11 2948   4.95
1504  0.78 0.10 2908   4.81
1505 -0.33 0.54 3456  13.56
1506  2.00 0.01 2349  -7.86
1507  2.00 0.06 2812   2.32
1509 -0.37 0.11 2940   9.11
1511  2.00 0.01 2383  -1.58
1512  0.59 0.03 2656   3.04
1513  2.00 0.01 2284  -2.31
1515 -0.37 0.05 2758   8.28
1523 -0.35 0.01 2292   7.91
1524  0.46 0.00 1884  -3.20
1525  2.00 0.00 1332  -8.19
1527  2.00 0.17 3154  -0.12
1528  2.00 0.17 3152  -0.13
1531  0.41 0.00 1759  -4.06
1533  2.00 0.24 3230 -10.46
1534  2.00 1.10 3874   1.27
1535  2.00 0.91 3759   1.32
1536  2.00 0.92 3761   3.57
1537  2.00 0.41 3360   1.24
1538  2.00 0.17 3152  -1.42
1539  2.00 0.30 3282   1.14
1540  2.00 0.49 3417   4.52
1541  2.00 0.33 3305   0.93
1542  2.00 0.21 3205   1.03
1543  2.00 0.11 3031  -1.26
1544  2.00 0.10 2912  -0.85
1545  2.00 0.01 2389  -0.66
1548  2.00 0.01 2081  -2.97
1558  2.00 0.83 3689   1.93
1560  2.00 0.44 3381   1.46
1561  2.00 0.21 3204  -1.52
1562  2.00 0.54 3457   4.11
1563  2.00 0.34 3310   3.64
1564  2.00 0.11 3034   0.76
1565  2.00 0.11 3026   2.08
1566  0.65 0.18 3171   5.76
1567  2.00 0.09 2867   0.89
1571  2.00 0.01 2386  -0.14
1574  0.23 0.02 2409   5.09
1578  0.65 0.00 1394  -8.06
1584  2.00 0.97 3791   2.80
1585  2.00 0.70 3595   0.78
1586  2.00 0.43 3373   0.95
1587  2.00 0.46 3392   2.34
1588  2.00 0.13 3065  -3.04
1589  2.00 0.13 3082  -0.38
1590  2.00 0.15 3122   1.91
1591  2.00 0.13 3061   1.45
1592  2.00 0.06 2806  -2.87
1593  2.00 0.14 3088   3.40
1595  0.20 0.16 3132   7.99
1596  0.94 0.08 2851   2.87
1597 -0.04 0.41 3363  11.06
1598  2.00 0.05 2763   1.95
1600  0.89 0.02 2524   2.76
1602  0.60 0.01 2270   3.11
1603 -0.31 0.01 1983   3.08
1606  0.81 0.15 3118   4.66
1615  2.00 0.76 3639  -4.26
1616  2.00 0.91 3759   1.29
1617  2.00 0.59 3501   1.33
1618  2.00 0.44 3382   1.07
1619  2.00 0.41 3362   3.16
1620  2.00 0.25 3237   1.52
1621  2.00 0.21 3199   2.65
1622  2.00 0.14 3093   2.01
1623  2.00 0.14 3095   1.86
1624  0.29 0.28 3268   8.43
1625  2.00 0.05 2758   1.24
1626  0.96 0.06 2821   2.81
1637  0.77 0.01 1965  -2.81
1640  0.74 0.00 1797  -5.83
1643  0.46 0.00 1851  -3.08
1655 -0.12 0.01 2200  10.91
1673  2.00 0.45 3388  -2.06
1674  2.00 0.39 3348   3.25
1675  2.00 0.11 2942   3.04
1676  0.91 0.08 2834   3.10
1685  2.00 0.51 3436   1.21
1686  2.00 0.30 3277   1.87
1687  2.00 0.04 2735  -1.73
1694  2.00 0.50 3425   5.61
1698 -0.44 0.00 1639  -1.90
1701  2.00 1.09 3867  -0.69
1702  2.00 0.76 3642   1.09
1704  2.00 0.18 3168  -1.10
1705  0.99 0.79 3662   7.82
1706  2.00 0.12 3040   2.48
1707  2.00 0.10 2865   1.17
1715 -0.38 0.01 2352   7.48
1727  2.00 1.18 3950  -5.60
1728  2.00 0.23 3223   1.30
1729  2.00 0.14 3091   0.70
1755  2.00 0.16 3133   1.49
1759  0.55 0.01 2190   1.57
1770  2.00 0.17 3162   1.76
1771  2.00 0.10 2861   1.26
1772  0.48 0.13 3064   6.43
1773  0.21 0.13 3068   7.69
1775 -0.40 0.08 2869   7.90
1841  2.00 0.75 3632  -5.35
1842  2.00 0.29 3273   1.91
1843  2.00 0.10 2868  -1.26
1844  2.00 0.10 2900   0.16
1845 -0.49 0.06 2808   8.67
1857  2.00 0.17 3155   2.66
1858  0.47 0.22 3217   7.14
1872  2.00 0.51 3433   2.82
1873  2.00 0.45 3390   2.97
1874  0.57 0.38 3339   7.86
1875  2.00 0.08 2855  -0.48
1876  2.00 0.11 2971   3.01
1901  2.00 0.06 2826  -0.10
1927  2.00 0.33 3300   4.69
1928  2.00 0.14 3089   2.90
1929  2.00 0.09 2867  -0.94
1930  2.00 0.09 2862   1.11
1931  2.00 0.06 2830  -2.03
1932  0.09 0.44 3381  10.58
1933  2.00 0.05 2760   1.83
1941  0.72 0.01 2310   3.09
1968 -0.22 0.15 3114   9.28
1969 -0.44 0.04 2757   8.64
1982  2.00 0.09 2867   0.97
1984  0.60 0.01 2340   3.92
1986  2.00 0.72 3611   0.15
1987  2.00 0.56 3473  -0.78
1988  2.00 0.07 2844   1.84
1994 -0.15 0.01 2159   4.26
2004  2.00 0.61 3517  -3.67
2005  2.00 0.72 3611  -2.74
2007  2.00 0.33 3306  -0.58
2008  2.00 0.31 3287   1.31
2009  2.00 0.26 3247   1.81
2010  2.00 0.12 3043  -1.38
2011  2.00 0.13 3067   0.48
2012  2.00 0.29 3275   3.79
2013  2.00 0.20 3193   2.39
2014  2.00 0.23 3226   2.93
2015  2.00 0.12 3054   1.19
2016  2.00 0.15 3111   2.68
2017  2.00 0.12 3042   2.21
2018  2.00 0.07 2858  -1.09
2019  2.00 0.11 3028   3.74
2020  2.00 0.11 3015   3.52
2021  2.00 0.11 2962   3.64
2022 -0.40 0.17 3158  10.08
2023 -0.32 0.12 3037   9.49
2025  0.54 0.04 2674   3.81
2028  0.06 0.04 2703   7.26
2029  0.08 0.03 2605   6.41
2039  2.00 0.41 3363  -2.29
2040  2.00 0.50 3430  -0.19
2041  2.00 0.27 3261  -0.64
2042  2.00 0.18 3169   2.18
2043  2.00 0.14 3106   1.14
2044  0.95 0.20 3188   4.10
2045  2.00 0.03 2585   0.49
2063  2.00 0.25 3240 -12.58
2064  0.69 0.10 2899   5.41
2069  2.00 0.94 3771   4.06
2070  2.00 0.95 3774   4.96
2071  2.00 0.46 3393   5.18
2072  2.00 0.06 2802   0.14
2073 -0.40 0.49 3421  12.80
2074  0.98 0.06 2834   2.67
2075 -0.19 0.00 1674  -2.16
2079  2.00 0.00  803 -73.89
2082  2.00 0.12 3057 -22.32
2084  2.00 0.64 3539  -9.10
2087  2.00 0.60 3508  -7.07
2089  2.00 0.77 3648  -3.67
2093  2.00 0.91 3756  -1.90
2094  2.00 1.06 3849  -0.51
2099  2.00 1.18 3949   1.72
2100  2.00 1.13 3886   1.66
2101  2.00 1.09 3863   1.13
2104  2.00 0.74 3622  -0.18
2107  2.00 1.33 4125   4.39
2108  2.00 1.01 3817   2.26
2112  2.00 0.96 3780   3.03
2113  2.00 0.95 3774   3.51
2114  2.00 0.66 3559   1.74
2117  2.00 0.82 3685   4.04
2118  2.00 0.62 3521   2.10
2119  2.00 0.69 3584   3.41
2120  2.00 0.60 3504   2.69
2122  2.00 0.48 3409   2.14
2123  2.00 0.54 3461   2.73
2124  2.00 0.44 3383   1.98
2125  2.00 1.37 4168   8.52
2126  2.00 0.18 3171  -1.31
2127  2.00 0.79 3666   5.61
2128  2.00 0.62 3528   3.72
2129  2.00 0.19 3183  -0.41
2130  2.00 0.30 3282   1.29
2131  2.00 0.16 3144  -1.02
2132  2.00 0.38 3338   3.01
2133  2.00 0.51 3434   4.33
2134  2.00 0.62 3529   5.26
2136  2.00 0.25 3239   1.66
2137  2.00 0.12 3055  -1.98
2138  2.00 0.63 3532   5.83
2140  2.00 0.29 3274   2.85
2141  2.00 0.14 3085  -0.72
2142  2.00 0.53 3451   5.84
2143  2.00 0.17 3150   1.11
2144  2.00 0.15 3113   0.28
2145  2.00 0.50 3427   4.69
2146  2.00 0.14 3105   0.37
2147  2.00 0.57 3482   6.41
2148  2.00 0.13 3070  -0.33
2149  2.00 0.29 3271   3.99
2150  2.00 0.10 2895  -1.37
2151  2.00 0.15 3126   1.36
2152  2.00 0.17 3161   2.33
2153  0.85 0.79 3660   9.31
2154  2.00 0.45 3391   4.72
2155  2.00 0.17 3163   2.53
2156  2.00 0.16 3132   2.22
2157  2.00 0.11 2965  -0.50
2158  2.00 0.37 3333   4.67
2159  0.74 0.53 3456   7.85
2160  0.97 0.10 2872  -3.46
2163  2.00 0.12 3054   0.70
2164  2.00 0.07 2843  -3.20
2165  0.81 0.24 3235   4.60
2166  2.00 0.13 3079   1.18
2167  0.86 0.24 3236   4.67
2168  2.00 0.12 3056   1.32
2169  0.81 0.29 3277   5.28
2170  2.00 0.07 2856  -3.18
2171  0.88 0.26 3247   5.11
2172  0.60 0.51 3434   8.30
2173  0.96 0.21 3202   4.62
2174  2.00 0.11 3024   0.91
2175  0.47 1.04 3837  12.67
2176  0.51 0.60 3507   9.52
2177  2.00 0.05 2774  -4.37
2178  2.00 0.10 2917   0.57
2179  0.49 0.23 3218   6.23
2180  2.00 0.11 3029   2.25
2181  2.00 0.07 2855  -1.30
2182  0.99 0.15 3108   3.95
2184  0.32 0.39 3347   8.85
2185  2.00 0.05 2767  -2.51
2186  2.00 0.09 2862   2.01
2187  2.00 0.10 2906   2.60
2189  0.00 1.05 3841  14.85
2190  0.25 0.34 3307   9.11
2191  0.99 0.14 3095   4.60
2192  0.72 0.25 3239   6.04
2194  2.00 0.10 2921   3.23
2195  0.37 0.20 3190   7.65
2196  0.41 0.21 3204   7.93
2197 -0.20 0.60 3504  12.73
2198  2.00 0.06 2830  -0.14
2199 -0.18 0.18 3172   7.79
2200  0.21 0.18 3170   8.13
2201  0.23 0.15 3128   7.90
2203  2.00 0.06 2833   1.69
2206  0.01 0.18 3173  10.26
2207  0.72 0.14 3092   5.59
2208  0.32 0.16 3134   7.65
2209  0.74 0.08 2843   3.92
2210  0.53 0.10 2929   6.73
2211  2.00 0.06 2827   2.79
2213  0.27 0.14 3106   7.59
2217  0.94 0.04 2716   1.71
2218  2.00 0.03 2671   1.66
2228  0.84 0.03 2575   2.19
2229  0.97 0.02 2539   1.51
2231  0.92 0.02 2457   0.63
2233  2.00 0.01 2257  -3.06
2256  0.72 0.01 2389   3.21
2263  0.25 0.01 2373   5.08
2274  2.00 0.00 1882  -3.39
2278  0.55 0.00 1369  -8.62
2284  2.00 0.22 3216  -1.23
2285  2.00 0.12 3049  -0.19
2286  2.00 0.05 2764  -5.87
2287  2.00 0.11 3027   0.17
2288  2.00 0.11 2968  -0.16
2289  2.00 0.11 2978   1.07
2290  0.67 0.36 3327   7.25
2291  0.61 0.47 3400   8.26
2292  2.00 0.07 2843  -0.83
2293  0.46 0.24 3231   7.07
2294  0.92 0.04 2686   2.05
2295  0.37 0.03 2622   5.64
2297  0.47 0.02 2506   5.15
2305  0.63 0.01 2055  -0.77
2308  2.00 0.19 3175   2.44
2309  0.55 0.93 3767  11.46
2310  0.91 0.21 3205   4.59
2311  0.94 0.18 3173   4.42
2312  2.00 0.17 3154   7.45
2313  2.00 0.05 2760  -1.18
2316  2.00 0.01 2399   1.53
2318 -0.06 0.04 2724   7.55
2319  0.64 0.01 2243   2.99
2320  2.00 1.00 3807   1.43
2324  2.00 1.38 4182  10.31
2325  2.00 0.31 3285   2.03
2326  2.00 0.15 3115  -0.99
2327  2.00 0.19 3182   2.64
2328  2.00 0.12 3047   0.55
2329  2.00 0.12 3042   0.44
2330  0.69 0.94 3769  11.04
2331  2.00 0.08 2869  -1.87
2333  0.33 1.08 3858  13.92
2334  2.00 0.07 2853  -0.51
2335  0.29 0.18 3172   7.83
2336  0.72 0.11 3013   5.27
2337  2.00 0.03 2614  -3.72
2341  0.15 0.10 2898   7.71
2345  0.93 0.04 2756   3.16
2348  0.65 0.04 2697   3.19
2353  2.00 0.00  865 -32.32
2354  0.88 0.02 2452   3.49
2357  2.00 0.00  763 -34.84
2363  2.00 0.01 2015  -2.54
2364  0.97 0.00  763 -29.67
2365  0.26 0.00  689 -32.13
2367 -0.28 0.00 1215 -10.10
2368  0.88 0.00 1208 -11.48
2372  2.00 1.05 3841   1.54
2374  2.00 0.91 3759   1.29
2375  2.00 1.14 3893   4.14
2376  2.00 0.91 3759   2.53
2377  2.00 0.75 3629   2.20
2378  2.00 0.95 3776   3.51
2380  2.00 0.81 3679   3.56
2381  2.00 0.76 3639   3.09
2383  2.00 0.58 3489   2.79
2384  2.00 0.63 3537   3.62
2385  2.00 0.58 3490   3.17
2386  2.00 0.50 3429   2.74
2387  2.00 0.75 3631   5.40
2388  2.00 0.24 3232  -0.34
2389  2.00 0.24 3231   0.28
2390  2.00 0.53 3449   4.31
2391  2.00 0.34 3311   2.86
2392  2.00 0.94 3770   8.32
2393  2.00 0.55 3472   5.71
2394  2.00 0.48 3415   5.21
2395  2.00 0.66 3561   6.60
2396  2.00 0.30 3279   3.84
2397  2.00 0.29 3274   3.69
2398  2.00 0.49 3418   5.91
2399  0.94 0.55 3468   7.13
2400  0.76 0.53 3449   7.66
2401  2.00 0.13 3082   1.44
2402  0.88 0.30 3280   5.13
2403  2.00 0.14 3086   0.71
2404  2.00 0.11 3031   0.81
2405  0.95 0.19 3181   4.01
2406  0.60 0.52 3445   8.21
2407  0.72 0.35 3318   6.42
2408  0.97 0.17 3153   3.61
2409  0.68 0.33 3301   7.02
2410  0.56 0.53 3453   9.04
2411  0.73 0.20 3187   5.12
2412  2.00 0.07 2858  -1.38
2413  2.00 0.07 2845  -1.40
2414  2.00 0.06 2823  -2.23
2415  2.00 0.10 2861   1.25
2416  0.26 0.30 3278   8.56
2417  2.00 0.10 2932   3.46
2418  2.00 0.08 2853   1.78
2419 -0.24 0.42 3368  11.73
2420  2.00 0.06 2815   2.55
2421  2.00 0.04 2750   1.05
2422  0.55 0.07 2845   5.01
2423  0.16 0.10 2907   7.47
2426  0.33 0.08 2869   5.97
2427  0.18 0.09 2864   6.99
2431  2.00 0.01 2371   0.18
2433  0.49 0.03 2657   5.19
2434 -0.27 0.05 2758   7.90
2435  0.26 0.04 2701   6.17
2437 -0.41 0.04 2750   8.55
2439  0.69 0.02 2459   3.82
2441  2.00 0.00 1853  -6.83
2449  2.00 1.00 3812  -4.60
2451  2.00 0.72 3612  -6.02
2452  2.00 0.66 3559  -6.05
2459  2.00 0.76 3638   2.00
2460  2.00 1.08 3861   4.98
2461  2.00 0.60 3508   1.90
2462  2.00 0.80 3672   3.27
2463  2.00 0.65 3554   2.17
2465  2.00 0.15 3109  -4.00
2466  2.00 0.65 3552   3.12
2467  2.00 0.36 3323   0.26
2468  2.00 0.83 3694   5.03
2469  2.00 0.50 3429   3.32
2470  2.00 0.48 3413   3.71
2471  2.00 0.38 3338   2.58
2472  2.00 1.35 4150  10.41
2473  2.00 0.15 3109  -0.69
2474  2.00 0.91 3758   6.13
2475  2.00 0.19 3185   0.74
2476  2.00 0.17 3147   0.69
2477  2.00 0.11 3026  -1.57
2479  2.00 0.11 3035  -0.43
2480  2.00 0.09 2867  -2.82
2481  2.00 0.40 3355   5.63
2482  2.00 0.46 3397   6.27
2483  2.00 0.17 3146   2.16
2484  0.99 0.28 3266   4.45
2485  0.81 0.43 3376   6.73
2486  0.84 0.26 3253   4.96
2487  2.00 0.11 2951   0.01
2488  2.00 0.12 3039   0.88
2489  0.97 0.19 3175   3.81
2490  0.94 0.18 3175   4.36
2491  0.90 0.19 3182   3.60
2492  2.00 0.08 2869  -1.56
2493  2.00 0.13 3065   2.70
2494  2.00 0.12 3049   2.62
2495  2.00 0.15 3118   3.59
2496  0.72 0.16 3141   4.63
2497  2.00 0.11 2983   2.08
2499  2.00 0.09 2862   1.45
2500  2.00 0.06 2823  -1.89
2501  2.00 0.10 2906   2.38
2502  0.81 0.29 3273   5.64
2503  0.49 0.14 3096   6.36
2504  0.19 0.17 3162   8.10
2505  2.00 0.07 2835   1.67
2506  2.00 0.07 2849   0.97
2507  0.86 0.10 2887   4.54
2508  0.49 0.12 3055   6.36
2509  0.51 0.10 2883   6.58
2510 -0.07 0.14 3093   8.89
2511  2.00 0.06 2832   2.88
2512  1.00 0.04 2675   0.90
2514  0.30 0.09 2867   6.88
2516 -0.47 0.08 2869   8.14
2518 -0.22 0.07 2855   6.96
2519  0.32 0.05 2758   4.63
2520  0.33 0.13 3069  12.00
2522  0.42 0.04 2675   3.45
2523 -0.27 0.07 2858   9.06
2527  2.00 0.01 2343  -0.51
2529  0.21 0.04 2741   6.67
2536  2.00 0.01 2314   2.01
2539  0.82 0.01 2308   2.38
2540  0.86 0.01 2400   4.88
2541  0.51 0.01 2373   4.18
2545  2.00 1.13 3886   0.62
2548  2.00 1.16 3911   4.89
2549  2.00 0.28 3268  -0.34
2550  2.00 0.60 3503   4.72
2551  2.00 0.43 3377   3.95
2552  2.00 0.46 3397   4.39
2553  2.00 0.16 3146   3.44
2554  0.40 0.10 2870   7.80
2555  0.33 0.03 2669   2.42
2556  2.00 0.02 2467  -0.71
2557  0.99 0.02 2509   2.76
2558  0.63 0.03 2660   5.19
2561  2.00 0.63 3536 -11.63
2563  2.00 1.31 4108   5.88
2565  2.00 1.20 3971   5.74
2566  2.00 0.75 3629   3.37
2567  2.00 0.73 3615   4.32
2569  2.00 0.62 3522   3.65
2570  2.00 0.37 3334   2.28
2571  2.00 1.02 3822   7.52
2572  2.00 0.54 3463   4.21
2573  2.00 0.72 3606   5.95
2574  2.00 0.70 3594   6.19
2575  2.00 0.59 3500   5.50
2576  2.00 0.20 3197   1.85
2577  2.00 0.33 3304   4.01
2578  2.00 0.25 3240   3.41
2579  0.89 0.78 3652   9.02
2580  2.00 0.16 3133   1.95
2581  2.00 0.11 3023   0.01
2583  2.00 0.09 2863  -1.27
2584  0.53 0.71 3602  10.11
2585  2.00 0.11 2952   1.50
2586  2.00 0.10 2886   0.81
2587  0.44 0.41 3365   8.65
2588  0.38 0.51 3434   9.63
2589  2.00 0.11 2978   2.23
2590  0.66 0.14 3091   5.79
2591  2.00 0.10 2869   2.43
2592  2.00 0.08 2851   1.33
2593  0.80 0.12 3036   5.01
2594  2.00 0.08 2869   1.87
2595  2.00 0.04 2755  -0.60
2596 -0.23 0.18 3171   9.60
2599  2.00 0.03 2655  -0.05
2600  0.29 0.07 2835   6.02
2601 -0.08 0.16 3140   8.77
2612 -0.11 0.16 3137   9.18
2617  0.21 0.03 2658   7.21
2625 -0.46 0.10 2859   9.09
2641  2.00 0.36 3329  -6.65
2642  0.91 0.13 3079   4.49
2643  0.08 0.38 3341  10.24
2644 -0.17 0.69 3582  13.10
2645  0.58 0.11 3016   5.90
2646 -0.45 0.17 3161  10.43
2647  0.99 0.04 2735   1.82
2711  2.00 0.11 2978   2.15
2712  0.77 0.04 2704   2.95
2726  2.00 0.27 3255 -13.47
2727  2.00 0.71 3602   3.25
2728  2.00 0.43 3376   1.26
2729  2.00 0.32 3297   2.37
2730  2.00 0.20 3192   3.38
2731  2.00 0.09 2868   2.32
2732 -0.16 0.10 2861   8.49
2733  0.95 0.04 2686   1.51
2734 -0.41 0.05 2766   8.01
2757  0.85 0.16 3129   4.54
2758  2.00 0.08 2859   1.28
2770  0.83 0.03 2585   2.11
2774  2.00 0.31 3290   1.07
2775  2.00 0.16 3137   1.54
2776  2.00 0.13 3064   0.31
2777  2.00 0.12 3049   0.25
2791  2.00 0.56 3479   1.73
2792  2.00 0.76 3640   4.79
2793  2.00 0.30 3280   2.21
2794  2.00 0.35 3320   3.33
2795  2.00 0.27 3258   2.31
2796  2.00 0.41 3364   4.66
2797  0.95 0.37 3337   5.70
2798  0.86 0.42 3372   6.50
2799  0.70 0.59 3503   8.44
2800  0.78 0.14 3093   1.27
2801  0.93 0.20 3195   4.27
2802  2.00 1.14 3893  12.21
2803  0.98 0.14 3086   3.49
2804  0.78 0.16 3130   4.92
2805  2.00 0.12 3040   3.51
2806  2.00 0.11 2972   3.43
2807  2.00 0.09 2864   1.98
2808  0.46 0.17 3161   6.86
2809  0.79 0.12 3057   5.24
2810  0.01 0.50 3427  11.04
2811  2.00 0.05 2762  -0.88
2812 -0.37 0.45 3388  12.45
2813  2.00 0.06 2816   0.65
2814  0.81 0.05 2761   3.07
2815  0.99 0.04 2703   1.34
2820 -0.01 0.05 2761   5.68
2825  0.02 0.01 2265   5.40
2831  0.67 0.00 1781  -2.72
2832 -0.43 0.00 1865   1.36
2836  2.00 0.81 3678   3.73
2837  2.00 0.48 3409   3.01
2840 -0.26 0.00 1897   0.66
2846  2.00 0.79 3662   4.17
2847  2.00 0.60 3509   4.95
2848  0.91 0.81 3679   8.57
2849  0.95 0.24 3228   4.06
2850  0.09 0.11 2986   8.23
2853  0.24 0.03 2588   6.20
2857  2.00 0.37 3335   1.77
2858  2.00 0.42 3368   3.49
2859  2.00 0.20 3197   0.92
2860  2.00 0.25 3242   2.24
2861  2.00 0.24 3228   2.24
2862  2.00 0.20 3188   2.37
2863  2.00 0.16 3136   2.36
2864  2.00 0.07 2839   0.68
2878  2.00 0.53 3448 -10.52
2879  2.00 0.80 3670  -6.41
2880  2.00 0.75 3628  -4.00
2881  2.00 1.19 3970  -0.56
2883  2.00 0.98 3799   0.75
2888  2.00 0.96 3786   3.11
2891  2.00 0.78 3658   3.25
2892  2.00 0.56 3481   2.34
2894  2.00 0.48 3410   1.71
2895  2.00 0.78 3656   5.12
2896  2.00 0.51 3434   2.80
2897  2.00 0.49 3416   3.00
2898  2.00 0.35 3315   1.47
2899  2.00 1.03 3828   7.70
2900  2.00 0.50 3429   3.74
2901  2.00 1.17 3931   8.68
2902  2.00 0.50 3424   3.78
2904  2.00 0.16 3138  -0.76
2905  2.00 0.60 3504   6.29
2906  2.00 0.19 3177   1.20
2907  2.00 0.19 3184   1.54
2908  2.00 0.31 3285   3.71
2909  0.95 0.70 3591   7.95
2910  2.00 0.17 3154   1.77
2911  2.00 0.56 3480   6.62
2912  2.00 0.10 2890  -1.35
2913  0.79 0.43 3378   6.76
2914  0.76 0.53 3449   7.68
2916  2.00 0.17 3149   3.15
2917  0.71 0.50 3429   7.69
2918  0.79 0.32 3298   5.65
2919  0.68 0.56 3474   8.25
2920  0.54 0.59 3497   9.35
2921  0.92 0.17 3160   4.10
2922  2.00 0.10 2887   0.47
2923  0.93 0.17 3162   4.30
2924  2.00 0.14 3088   3.18
2925  2.00 0.07 2853  -1.59
2926  0.79 0.15 3113   4.96
2927  0.85 0.13 3080   4.94
2928  0.42 0.25 3239   7.93
2929  2.00 0.10 2903   2.83
2930  2.00 0.07 2850  -0.11
2931  0.99 0.10 2934   3.55
2932  0.31 0.15 3126   7.54
2933  0.17 0.16 3144   7.99
2934  2.00 0.06 2828   0.64
2935  0.67 0.10 2898   5.14
2936  0.91 0.08 2845   3.24
2937 -0.33 0.21 3207  10.16
2938  2.00 0.06 2825   1.82
2939  2.00 0.05 2767   1.49
2943  0.97 0.04 2745   1.69
2944  0.80 0.04 2754   2.67
2947  0.97 0.03 2559   1.16
2957  0.74 0.02 2467   3.75
2960  2.00 0.00 1210 -23.01
2967  2.00 0.00  957 -25.91
2971  2.00 0.01 2010  -1.55
2986  2.00 0.94 3769   2.52
2987  2.00 0.61 3518   0.68
2988  2.00 0.53 3451   1.78
2990  2.00 0.91 3755   4.71
2991  2.00 0.45 3386   1.54
2993  2.00 1.05 3844   8.01
2994  2.00 0.16 3132  -0.61
2995  2.00 0.58 3495   5.58
2996  2.00 0.34 3311   4.21
2997  2.00 0.33 3305   4.19
2998  0.98 0.66 3563   7.68
2999  2.00 0.12 3057  -0.42
3000  0.82 0.69 3584   8.82
3001  2.00 0.16 3145   2.57
3002  2.00 0.15 3123   2.21
3003  2.00 0.16 3137   3.09
3004  0.76 0.21 3201   5.33
3005  0.67 0.19 3179   5.51
3006  0.60 0.20 3188   5.90
3007  2.00 0.10 2895   2.33
3008  0.01 0.23 3219   9.34
3009  0.18 0.13 3073   7.36
3010  0.92 0.07 2852   2.87
3013  0.97 0.04 2723   1.35
3014  0.67 0.04 2754   3.65
3015  0.27 0.04 2749   5.13
3018  0.62 0.01 2323   2.50
3026 -0.36 0.01 2204   9.47
3027  2.00 0.24 3229 -11.63
3028  2.00 0.70 3591   3.27
3030  2.00 0.21 3205   0.24
3031  2.00 0.40 3358   3.30
3032  2.00 0.36 3326   3.36
3033  2.00 0.47 3402   4.64
3035  0.56 0.70 3596   9.64
3036  2.00 0.11 3025   0.93
3037  2.00 0.13 3060   3.47
3038  2.00 0.05 2780  -0.30
3040  0.51 0.12 3038   6.09
3041 -0.44 0.23 3223  10.76
3042  0.91 0.02 2523   1.22
3046 -0.01 0.01 2342   6.27
3051  2.00 0.69 3585   5.19
3052  2.00 0.14 3099  -1.15
3053  0.85 1.01 3816  10.25
3054  0.95 0.48 3410   6.52
3057  0.60 0.25 3241   6.43
3058  0.81 0.14 3091   5.21
3060  0.34 0.19 3184   7.74
3061 -0.27 0.38 3342  11.65
3062 -0.08 0.23 3220   9.60
3063 -0.28 0.33 3307  11.37
3064  0.07 0.13 3068   8.06
3067  2.00 0.03 2663  -0.21
3069  0.63 0.04 2680   3.12
3078 -0.40 0.01 2375   7.93
3080 -0.15 0.01 2243   5.52
3086  2.00 0.35 3317   2.66
3088  0.59 0.54 3462   8.62
3089  2.00 0.13 3070   2.23
3090  0.71 0.34 3308   6.66
3091  0.68 0.20 3191   5.38
3092  0.11 0.40 3360  10.02
3093  2.00 0.05 2771  -0.51
3094 -0.32 0.65 3547  13.54
3106 -0.36 0.03 2555   8.42
3119  2.00 1.07 3853   5.34
3120  0.32 1.02 3820  13.51
3121  0.74 0.09 2864   4.96
3130  0.65 0.01 2373  12.42
3131  0.99 0.07 2852   2.28
3134  0.27 0.00 1825  -2.43
3136  2.00 0.64 3545  -1.72
3137  2.00 0.62 3521  -2.13
3141  2.00 0.10 2862  -1.38
3142  2.00 0.08 2855  -0.87
3143 -0.04 0.61 3516  12.03
3144 -0.30 1.11 3879  16.28
3145  0.48 0.14 3104   6.58
3146 -0.12 0.17 3158   9.10
3152  0.83 0.01 2343   1.64
3160  2.00 0.68 3577   1.47
3161  2.00 0.22 3210  -0.14
3162  2.00 0.20 3198   1.93
3163  0.39 1.32 4118  15.34
3164  2.00 0.03 2606  -0.27
3181  2.00 0.83 3691   6.11
3182  0.88 0.31 3292   5.25
3183  0.74 0.38 3340   6.62
3184  2.00 0.14 3091   2.49
3186 -0.10 0.00 1838   3.19
3188  2.00 0.46 3394   4.83
3189 -0.02 0.19 3176   9.02
3190  0.40 0.12 3056   6.90
3192  2.00 0.31 3289 -10.17
3193  0.76 0.35 3316   6.34
3194  0.91 0.13 3081   4.17
3196  0.89 0.05 2765   2.76
3197 -0.36 0.08 2869   8.18
3209  2.00 1.32 4120   7.50
3210  2.00 1.17 3936   8.33
3212  2.00 0.35 3319   3.45
3213  2.00 0.68 3576   6.08
3214  2.00 0.26 3246   2.18
3215  2.00 0.65 3554   6.36
3216  2.00 0.28 3262   2.87
3217  2.00 0.75 3635   6.31
3218  2.00 0.60 3505   4.16
3220  0.93 0.70 3591   7.84
3221  0.89 0.77 3645   8.80
3222  2.00 0.13 3073   0.51
3223  0.85 0.41 3365   6.43
3224  0.96 0.20 3192   3.69
3225  0.68 0.60 3505   8.55
3226  0.73 0.33 3303   6.22
3227  2.00 0.13 3078   1.15
3228  0.67 0.40 3355   7.63
3229  0.82 0.16 3138   4.27
3230  0.40 0.22 3215   7.34
3231  2.00 0.12 3039   4.02
3232  0.20 0.24 3236   8.61
3233  2.00 0.05 2792  -0.36
3235  0.86 0.05 2763   3.02
3236  0.11 0.09 2866   7.20
3238 -0.04 0.07 2852   6.50
3239  0.90 0.04 2687   2.10
3240  0.45 0.04 2714   4.23
3242 -0.05 0.05 2758   6.77
3245  0.19 0.04 2684   6.86
3248  0.96 0.01 2333   1.58
3250  0.47 0.02 2434   4.37
3253  0.32 0.01 2345   4.64
3259 -0.05 0.01 2136   4.03
3267  2.00 1.19 3955   4.06
3268  2.00 0.83 3691   1.68
3269  2.00 0.44 3379  -1.01
3270  2.00 0.44 3382  -0.88
3271  2.00 1.18 3940   5.63
3272  2.00 0.48 3412   1.15
3273  2.00 0.71 3602   3.28
3275  2.00 0.38 3339   1.33
3276  2.00 0.24 3231  -0.43
3277  2.00 0.25 3240   0.06
3278  2.00 0.42 3369   3.68
3279  2.00 0.20 3193   0.93
3280  2.00 0.21 3206   1.23
3281  2.00 0.25 3239   2.15
3282  2.00 0.27 3255   2.56
3283  2.00 0.25 3241   3.96
3284  0.96 0.16 3138   3.93
3285  0.50 0.41 3365   8.50
3286  0.86 0.15 3123   4.23
3287  0.96 0.14 3084   4.14
3288  0.74 0.15 3114   5.55
3289  2.00 0.04 2756  -2.75
3290  0.22 0.29 3274   8.96
3291  0.83 0.11 3033   4.73
3292  0.24 0.37 3332  10.67
3293  2.00 0.07 2837   1.76
3294  2.00 0.04 2747   0.07
3295 -0.23 0.13 3062   9.27
3297  0.98 0.03 2672   1.80
3298  0.55 0.04 2755   3.99
3300  0.48 0.03 2654   3.59
3303  0.48 0.02 2502   4.83
3304  0.93 0.01 2336   1.71
3308  0.17 0.01 2322   5.84
3313 -0.44 0.01 2327   8.81
3324  2.00 0.60 3507   1.67
3325  2.00 0.68 3578   2.96
3326  2.00 0.17 3149   0.07
3327  2.00 0.20 3194   2.02
3328  2.00 0.48 3415   6.01
3329  0.72 0.57 3482   8.14
3330  2.00 0.15 3118   2.25
3332  0.52 0.11 3031   6.12
3333  0.72 0.03 2594   4.56
3339 -0.06 0.83 3692  13.62
3345  2.00 0.78 3657   4.51
3346  2.00 0.28 3265   4.36
3347  0.99 0.17 3157   4.02
3348  2.00 0.12 3040   2.63
3349  0.90 0.14 3096   3.86
3350  0.32 0.37 3332   8.84
3351  0.19 0.48 3411   9.98
3352  2.00 0.10 2934   3.44
3353  0.68 0.11 2968   5.25
3354  2.00 0.10 2891   3.54
3355  0.33 0.11 3021   6.80
3356 -0.14 0.13 3079   9.11
3357 -0.45 0.13 3069  10.07
3366  2.00 0.96 3783  -4.59
3369  2.00 0.47 3402   2.91
3370  2.00 0.61 3513   5.73
3371  2.00 0.30 3284   2.59
3372  2.00 0.31 3291   3.97
3373  2.00 0.23 3224   1.83
3375  2.00 0.07 2834   0.77
3376 -0.27 0.50 3425  12.34
3377 -0.29 0.47 3407  12.23
3378 -0.08 0.17 3150   9.15
3379  0.03 0.05 2776   6.36
3382  2.00 0.02 2466   1.55
3383  2.00 0.02 2464   2.03
3387  2.00 0.72 3607   2.01
3388  2.00 0.39 3346   2.48
3389  2.00 0.07 2847   0.88
3391  2.00 0.04 2690  -1.56
3395  0.69 0.01 2212   1.27
3399  0.52 0.00 1891  -3.22
3400  0.52 0.00 1603  -8.07
3404 -0.11 0.00 1688  -2.75
3407  2.00 0.09 2867   0.65
3408  2.00 0.09 2865   2.14
3409 -0.44 0.21 3206  10.60
3416  2.00 0.92 3761   6.71
3417  2.00 0.59 3499   5.62
3418  2.00 0.13 3071  -0.53
3419  2.00 0.08 2868   0.42
3420  0.23 0.32 3295   9.20
3421 -0.16 0.19 3176   9.60
3422  0.84 0.04 2683   2.20
3424  0.72 0.01 2383   3.29
3440  2.00 0.50 3426   3.12
3441  0.66 0.46 3398   7.68
3442  0.78 0.20 3188   5.01
3443 -0.18 0.10 2892   8.64
3445  0.01 0.03 2550   6.88
3453  2.00 0.38 3338   5.19
3454 -0.09 0.59 3499  12.08
3455  0.73 0.11 3032   5.22
3461  0.50 0.01 2207   2.65
3466  2.00 0.00 1850   1.94
3471  0.41 0.03 2610   5.52
3510  0.92 0.22 3212   3.96
3511  2.00 0.08 2868   0.61
3523  0.70 0.14 3086   5.66
3524  0.60 0.17 3148   6.51
3525  2.00 0.09 2866   3.45
3526 -0.16 0.17 3155   9.48
3543  0.97 0.14 3103   3.50
3544  2.00 0.07 2836   1.36
3585  2.00 0.26 3248   1.66
3586  0.49 0.35 3320   8.01
3599  0.47 0.00 1051 -11.64
3607  2.00 0.93 3768   8.10
3608  2.00 0.47 3406   3.40
3609  2.00 0.55 3471   7.84
3616 -0.35 0.06 2836  21.90
3626  2.00 0.11 3026   0.99
3627  2.00 0.12 3036   3.84
3643  2.00 0.70 3594   2.03
3644  2.00 0.23 3223   1.63
3645 -0.12 0.59 3498  14.50
3646  0.15 0.17 3159   8.18
3647 -0.17 0.14 3101   9.19
3677  0.41 0.20 3198   7.56
3678  0.14 0.16 3138   8.20
3679  2.00 0.05 2764   0.55
3680  0.05 0.14 3101   8.18
3701  2.00 0.06 2823  -5.78
3709 -0.47 0.02 2416  13.49
3719  2.00 0.82 3681   0.88
3720  2.00 0.43 3377   1.34
3721  2.00 0.47 3403   1.76
3722  2.00 0.12 3035  -2.29
3723  2.00 0.37 3337   4.41
3724  2.00 0.44 3384   5.34
3725  2.00 0.18 3165   1.63
3726  2.00 0.21 3201   1.77
3727  2.00 0.14 3084   2.76
3728  2.00 0.11 3030   1.49
3729  0.35 0.27 3254   8.02
3730  0.94 0.04 2750   1.83
3747  2.00 0.66 3558  -1.79
3748  2.00 0.20 3187  -0.85
3749  2.00 0.25 3243   0.50
3750  2.00 0.20 3187   3.27
3751  2.00 0.10 2937  -0.77
3752  0.41 0.25 3238   7.58
3786  2.00 0.11 3024  -1.98
3787  2.00 0.02 2483  -1.96
3796  2.00 0.18 3170  -0.52
3797  2.00 0.13 3082   2.70
3811  2.00 1.13 3890   3.72
3812  2.00 0.46 3392   0.39
3813  2.00 0.21 3207   0.51
3818  0.12 0.00 1618  -4.82
3824  2.00 0.61 3519   1.30
3825  2.00 0.45 3389   2.60
3827  2.00 0.23 3218   1.50
3828  0.26 0.38 3339   9.05
3829  0.20 0.09 2868   6.59
3830  2.00 0.22 3215   3.29
3833  2.00 0.01 2234   0.16
3835  2.00 0.36 3327  -0.36
3836  2.00 0.33 3306   1.90
3838  0.33 0.29 3276   8.06
3839  0.87 0.12 3045   4.81
3840 -0.02 0.28 3262   9.84
3842  0.09 0.00 1256  -8.03
3843  0.42 0.00 1211 -11.79
3847  2.00 0.31 3288   2.25
3848  2.00 0.11 3032  -0.61
3849  0.64 0.12 3045   5.22
3850  0.99 0.14 3101   3.32
3852  0.95 0.08 2868   2.79
3862 -0.26 0.01 2265   8.73
3874  2.00 0.49 3422   1.49
3875  2.00 0.56 3480   5.22
3882  2.00 0.01 2346   1.78
3886  2.00 0.52 3447   2.07
3887  0.92 0.19 3181   4.58
3899 -0.29 0.01 2258   8.51
3906  2.00 0.16 3145  -0.12
3907  2.00 0.16 3132   2.62
3908  0.87 0.23 3220   4.86
3909  2.00 0.08 2864  -0.29
3911  0.88 0.05 2777   3.23
3926  2.00 0.31 3287 -17.49
3943  2.00 0.61 3520   5.30
3944  2.00 0.19 3185   1.00
3945  2.00 0.07 2835   1.45
3956 -0.41 0.00 1516  -3.67
3960  2.00 0.56 3473  -0.45
3961  2.00 0.12 3039   2.35
3962  0.09 0.47 3404  10.85
3963  2.00 0.05 2767  -1.23
3964  0.95 0.10 2859   3.44
3980  2.00 0.00 1840   1.21
3991  2.00 0.56 3479   0.89
3992  2.00 0.16 3129   2.90
3993  0.69 0.02 2474   3.84
3997 -0.14 0.00 1893   0.07
4001  2.00 0.13 3074   0.86
4006  0.79 0.05 2767  24.94
4007  2.00 0.56 3476  -2.67
4008  2.00 0.59 3499   1.68
4009  2.00 0.59 3501   0.40
4010  2.00 0.19 3178   0.01
4011  2.00 0.19 3181   1.78
4012  2.00 0.17 3151   2.04
4013  2.00 0.08 2869   1.97
4014  0.88 0.14 3096   5.57
4017  0.55 0.02 2426   3.23
4019  0.85 0.01 2177  -0.01
4024  2.00 0.17 3161   3.93
4027  0.40 0.01 2122   1.43
4029  2.00 0.62 3528   0.81
4030  2.00 0.12 3045   1.06
4031  2.00 0.07 2838   2.14
4033  2.00 0.02 2421   1.01
4059  2.00 0.81 3676   2.11
4060  2.00 0.32 3295   1.61
4061  2.00 0.16 3142   1.63
4062  2.00 0.09 2868   0.44
4084  0.29 0.19 3185   7.95
4092  0.89 0.07 2844   2.90
4127  2.00 0.51 3439   0.82
4128  2.00 0.25 3238   0.33
4129  2.00 0.24 3232   1.14
4130  2.00 0.07 2856  -6.27
4131  2.00 0.14 3108   1.99
4132  2.00 0.10 2916   0.39
4133  0.69 0.33 3304   7.01
4134  0.11 0.41 3366  10.18
4135  2.00 0.04 2756  -0.15
4136  2.00 0.05 2768   1.76
4138  2.00 0.04 2738   1.39
4139  2.00 0.03 2648   0.26
4145  0.61 0.00 1768  -5.22
4162  0.98 0.18 3168   4.02
4163  0.96 0.13 3071   3.75
4164  0.16 0.34 3307   9.72
4185  2.00 0.43 3376   4.93
4186  2.00 0.28 3262   1.89
4187 -0.08 0.24 3229   9.69
4188 -0.33 0.14 3093   9.75
4199  0.54 0.00 1887  -2.30
4232  2.00 0.17 3161   2.27
4233  2.00 0.13 3060   2.88
4234 -0.26 0.17 3146   9.78
4249  2.00 0.17 3163   1.95
4250  2.00 0.15 3127   2.01
4251  2.00 0.02 2442   1.40
4262  2.00 0.58 3492  -3.77
4264  2.00 0.13 3076  -2.06
4265  2.00 0.14 3107  -0.69
4275  2.00 1.08 3857   1.31
4276  2.00 0.55 3469   5.12
4277  0.62 0.44 3384   7.85
4278  0.76 0.36 3329   6.49
4279  2.00 0.10 2881   1.84
4280  2.00 0.07 2841   2.00
4281  0.04 0.91 3755  13.40
4282  0.83 0.10 2894   4.54
4285 -0.28 0.12 3041   9.47
4286  2.00 0.02 2474  -1.30
4287  0.96 0.02 2457   2.59
4297  2.00 0.68 3578   2.96
4298  2.00 0.19 3185   0.63
4299  0.83 0.43 3375   6.58
4300  2.00 0.12 3059   2.32
4301 -0.24 0.26 3251  10.51
4306  2.00 0.20 3196   2.34
4307  0.99 0.20 3192   3.26
4308  2.00 0.12 3047   0.50
4309  0.89 0.14 3093   5.28
4310 -0.06 0.55 3468  11.84
4311 -0.16 0.13 3075   9.44
4312  0.20 0.05 2760   5.72
4314  0.53 0.01 2041   0.01
4318 -0.27 0.00 1103 -10.06
4322  2.00 0.93 3767   1.18
4323  2.00 0.48 3412   2.33
4324  2.00 0.10 2856   0.95
4325  0.96 0.14 3089   4.04
4326  2.00 0.07 2847   0.53
4333 -0.10 0.00 1847  -0.74
4336  2.00 0.47 3400   4.01
4337  0.85 0.01 2303   1.74
4338  2.00 0.30 3280   1.28
4339  2.00 0.01 2341   4.98
4343  2.00 0.44 3381   2.37
4344  2.00 0.22 3211   1.60
4345  2.00 0.18 3167   2.75
4346  0.89 0.23 3225   4.37
4347  2.00 0.17 3146   3.90
4348  0.30 0.34 3310   8.65
4349  2.00 0.10 2918   3.19
4350  0.64 0.11 2946   5.49
4351  0.93 0.07 2846   2.79
4385 -0.21 0.17 3153   9.67
4416  2.00 0.19 3183   3.36
4417  0.85 0.04 2751   3.31
4430  2.00 0.96 3784  -6.58
4431  2.00 0.28 3266  -1.10
4432  2.00 0.23 3220   1.89
4433  2.00 0.17 3157   2.50
4434  2.00 0.07 2840   1.62
4452  0.55 0.01 2388  13.18
4463  2.00 0.37 3331   1.45
4464  0.36 0.17 3151   7.16
4465  0.83 0.08 2850   3.41
4484  2.00 0.39 3350   3.91
4495  2.00 0.03 2590  13.63
