1.643016242980957031e+01
1.648344612121582031e+01
1.648977088928222656e+01
1.643501091003417969e+01
1.661119651794433594e+01
1.638191986083984375e+01
1.651861953735351562e+01
1.649707221984863281e+01
1.657588005065917969e+01
1.653965568542480469e+01
1.648866462707519531e+01
1.655094909667968750e+01
1.648508644104003906e+01
1.644180679321289062e+01
1.654871940612792969e+01
1.652057647705078125e+01
1.643292236328125000e+01
1.643979644775390625e+01
1.643189048767089844e+01
1.647351074218750000e+01
1.650186920166015625e+01
1.644498443603515625e+01
1.651399230957031250e+01
1.656926918029785156e+01
1.643314552307128906e+01
1.646483802795410156e+01
1.647480010986328125e+01
1.654694175720214844e+01
1.664091682434082031e+01
1.659887886047363281e+01
1.644354438781738281e+01
1.649541473388671875e+01
1.644978141784667969e+01
1.657068252563476562e+01
1.645144653320312500e+01
1.669526290893554688e+01
1.652119636535644531e+01
1.643324470520019531e+01
1.644855308532714844e+01
1.647872352600097656e+01
1.659092330932617188e+01
1.641894149780273438e+01
1.653227996826171875e+01
1.646268844604492188e+01
1.654548454284667969e+01
1.656077957153320312e+01
1.642292404174804688e+01
1.659598731994628906e+01
1.644705200195312500e+01
1.642998123168945312e+01
1.643799400329589844e+01
1.659242820739746094e+01
1.646547508239746094e+01
1.665348625183105469e+01
1.653041839599609375e+01
1.646502113342285156e+01
1.655703926086425781e+01
1.648592185974121094e+01
1.649769020080566406e+01
1.643008232116699219e+01
1.642369270324707031e+01
1.643410682678222656e+01
1.641922569274902344e+01
1.647472953796386719e+01
1.647389793395996094e+01
1.640199279785156250e+01
1.644009590148925781e+01
1.655765914916992188e+01
1.644518089294433594e+01
1.654318237304687500e+01
1.652186203002929688e+01
1.652166175842285156e+01
1.655991363525390625e+01
1.644800949096679688e+01
1.649122810363769531e+01
1.640803146362304688e+01
1.646229171752929688e+01
1.642572212219238281e+01
1.656315994262695312e+01
1.655048751831054688e+01
1.644269371032714844e+01
1.651733016967773438e+01
1.658644104003906250e+01
1.651765251159667969e+01
1.645007133483886719e+01
1.651375198364257812e+01
1.652672958374023438e+01
1.641448402404785156e+01
1.641770553588867188e+01
1.644915199279785156e+01
1.647182083129882812e+01
1.651077461242675781e+01
