2.467980049550533295e-02
5.206408724188804626e-02
4.855141043663024902e-02
4.574093222618103027e-02
5.435372143983840942e-02
4.859980195760726929e-02
4.884224385023117065e-02
4.528689384460449219e-02
5.885681882500648499e-02
5.001185834407806396e-02
4.280870035290718079e-02
4.729206487536430359e-02
4.903596267104148865e-02
4.713352397084236145e-02
5.026697739958763123e-02
4.759191349148750305e-02
4.769780859351158142e-02
5.258904770016670227e-02
5.191773921251296997e-02
4.915222898125648499e-02
5.668406933546066284e-02
5.311689153313636780e-02
5.426223576068878174e-02
5.188759416341781616e-02
5.330440029501914978e-02
5.298115313053131104e-02
5.217542126774787903e-02
6.141326949000358582e-02
6.536209583282470703e-02
5.705529451370239258e-02
5.281302705407142639e-02
4.768044501543045044e-02
5.092396214604377747e-02
5.940374732017517090e-02
5.356408655643463135e-02
6.570354104042053223e-02
4.656558111310005188e-02
4.539866372942924500e-02
4.689027741551399231e-02
5.392454937100410461e-02
6.386791169643402100e-02
4.640752077102661133e-02
4.936488345265388489e-02
5.161103978753089905e-02
5.363136529922485352e-02
6.082776561379432678e-02
4.606270417571067810e-02
5.705475434660911560e-02
5.037941411137580872e-02
5.233801156282424927e-02
4.391341656446456909e-02
5.885959789156913757e-02
4.892570525407791138e-02
6.148431822657585144e-02
4.612226784229278564e-02
4.507251828908920288e-02
5.520574748516082764e-02
5.139658600091934204e-02
4.551760107278823853e-02
4.240788891911506653e-02
5.062600970268249512e-02
4.374845325946807861e-02
4.712281003594398499e-02
5.032940581440925598e-02
4.782399162650108337e-02
4.535795003175735474e-02
4.935278743505477905e-02
5.342522263526916504e-02
4.998330399394035339e-02
4.628234356641769409e-02
4.537593573331832886e-02
4.821204766631126404e-02
4.727339372038841248e-02
4.045506194233894348e-02
4.192542284727096558e-02
4.896824061870574951e-02
4.403402283787727356e-02
4.736186191439628601e-02
5.298981443047523499e-02
5.135440826416015625e-02
4.315350949764251709e-02
4.963309690356254578e-02
5.512525141239166260e-02
5.247328430414199829e-02
4.848382994532585144e-02
4.780733957886695862e-02
4.969455301761627197e-02
5.175733193755149841e-02
5.215909704566001892e-02
5.073775351047515869e-02
5.168518051505088806e-02
5.005088075995445251e-02
