5.393739050000000134e+04
5.458262799329999689e+04
5.458363478000000032e+04
5.458960725999999704e+04
5.459061776000000100e+04
5.459163215330000094e+04
5.459362302330000239e+04
5.459462216669999907e+04
5.459561044330000004e+04
5.459660253999999986e+04
5.459758778999999777e+04
5.459859730329999729e+04
5.459956343329999800e+04
5.460161763999999675e+04
5.460162963999999920e+04
5.460261871670000255e+04
5.460361579999999958e+04
5.460561417999999685e+04
5.460661897999999928e+04
5.460759995329999947e+04
5.460860706329999812e+04
5.472922447000000102e+04
5.473121475330000249e+04
5.473321194999999716e+04
5.473421403670000291e+04
5.473822490329999710e+04
5.473920954999999958e+04
5.474021886670000094e+04
5.474120676670000103e+04
5.474220474000000104e+04
5.474319917330000317e+04
5.474420229999999719e+04
5.474522086670000135e+04
5.474725333669999964e+04
5.475221520669999882e+04
5.475729847670000163e+04
5.475831469330000255e+04
5.475929486670000188e+04
5.476025772000000143e+04
5.476520489999999700e+04
5.477020051670000248e+04
5.477124508999999671e+04
5.477224121000000014e+04
5.477324816329999885e+04
5.477619034999999712e+04
5.477718522669999948e+04
5.478018950329999643e+04
5.478118717669999751e+04
5.478626116329999786e+04
5.479018480329999875e+04
5.479518791670000064e+04
5.479618520669999998e+04
5.479719987669999682e+04
5.480119819670000288e+04
5.504037597670000105e+04
5.504243072669999674e+04
5.504756519000000117e+04
5.504846875000000000e+04
5.504940383329999895e+04
5.505140198670000245e+04
5.505233544999999867e+04
5.505339716999999655e+04
5.505452797999999893e+04
5.505534274000000005e+04
5.505635435999999754e+04
5.505737884669999767e+04
5.505836516000000120e+04
5.505930236999999761e+04
5.506038453000000300e+04
5.506142661329999828e+04
5.506243429330000072e+04
5.506449924669999746e+04
5.506538786999999866e+04
5.506633703329999844e+04
5.506732800329999736e+04
5.506849573000000237e+04
5.507131609670000034e+04
5.507335414329999912e+04
5.507429009329999826e+04
5.507533909329999733e+04
5.507635708000000159e+04
5.507727713999999833e+04
5.507827695330000279e+04
5.508023994330000278e+04
5.508144687669999985e+04
5.508233387670000229e+04
5.508331837999999698e+04
5.510524341999999888e+04
5.511328467670000100e+04
5.511521572330000345e+04
5.511622392669999681e+04
5.511724091000000044e+04
